#1 had only coefficient 1 in rate region obtained by One time proj
ncinstance:=[ [[[1,2,3],[1,2,3,4]],[[1,2,6],[1,2,5,6]],[[2,3],[2,3,6]],[[4,5],[4,5,7]],[[4,5,7],[4,5,7,8]],[[4,6],[4,6,11]],[[7],[7,9]],[[7,8],[7,8,10]],[[9,10,11],[2,3,9,10,11]],
[[9,10],[1,2,9,10]],[[10,11],[1,3,10,11]]],3,11];
N1:=[1,2,3,6,11]; N2:=[7,8]; N3:=[4,5,9,10];

#2 had coefficient 1 and 1/2 in at least one facet of the rate region obtained by one time Proj. (took 117 seconds to finish).But all extreme rays are trivial to achieve
ncinstance:=[ [[[1,2,3],[1,2,3,4]],[[1,2,6],[1,2,5,6]],[[2,3],[2,3,6]],[[4,5],[4,5,7]],[[4,5,7],[4,5,7,8]],[[4,6],[4,6,11]],[[7],[7,9]],[[7,8],[7,8,10]],[[9,10,11],[2,3,9,10,11]],
[[9,10],[1,2,9,10]],[[10,11],[1,10,11]]],3,11];
N1:=[1,2,3,6,11]; N2:=[7,8]; N3:=[4,5,9,10];
extreme rays 
[ [ 1/4, 0, 0, 1/4, 0, 0, 1/4, 0, 0, 1/4, 0 ],
      [ 1/5, 0, 0, 1/5, 0, 0, 1/5, 0, 1/5, 0, 1/5 ], 
      [ 1/4, 0, 0, 0, 1/4, 0, 0, 1/4, 0, 1/4, 0 ], 
      [ 1/4, 0, 0, 0, 1/4, 0, 1/4, 0, 0, 1/4, 0 ], 
      [ 0, 1/4, 0, 1/8, 1/8, 0, 1/4, 0, 1/8, 1/8, 0 ],
      [ 0, 0, 1/3, 0, 0, 1/3, 0, 0, 0, 0, 1/3 ],
      [ 0, 0, 1/3, 1/3, 0, 0, 0, 0, 0, 0, 1/3 ],
      [ 0, 1/4, 0, 0, 1/4, 0, 0, 1/4, 0, 1/4, 0 ],
      [ 0, 0, 1/4, 1/4, 0, 0, 1/4, 0, 1/4, 0, 0 ], 
      [ 0, 1/4, 0, 0, 1/4, 0, 1/4, 0, 1/4, 0, 0 ],
      [ 0, 1/4, 0, 1/4, 0, 0, 1/4, 0, 0, 1/4, 0 ],
      [ 0, 1/4, 0, 0, 1/4, 0, 1/4, 0, 0, 1/4, 0 ],
      [ 0, 0, 1/5, 0, 1/5, 1/5, 1/5, 0, 1/5, 0, 0 ], 
      [ 0, 1/4, 0, 1/4, 0, 0, 0, 1/4, 0, 1/4, 0 ],
     [ 0, 1/4, 0, 1/4, 0, 0, 1/4, 0, 1/4, 0, 0 ],
      [ 0, 0, 1/4, 1/4, 0, 0, 0, 1/4, 0, 1/4, 0 ],
      [ 1/4, 0, 0, 1/4, 0, 0, 0, 1/4, 0, 1/4, 0 ],
      [ 0, 0, 1/5, 0, 1/5, 1/5, 0, 1/5, 0, 1/5, 0 ], 
      [ 0, 0, 1/4, 1/4, 0, 0, 1/4, 0, 0, 1/4, 0 ],
      [ 0, 0, 1/5, 0, 1/5, 1/5, 1/5, 0, 0, 1/5, 0 ] ];
      
      TopConstr:=[[[1,2,3],[1,2,3,4]],[[1,2,6],[1,2,5,6]],[[2,3],[2,3,6]],[[4,6],[4,6,11]],[[9,10,11],[2,3,9,10,11]],
[[9,10],[1,2,9,10]],[[10,11],[1,10,11]]];
      BotConstr:=[[[4,5],[4,5,7]],[[4,5,7],[4,5,7,8]],[[7],[7,9]],[[7,8],[7,8,10]]];
      CutConstr:=[];
      CutDim:=[[1],[2],[3],[4],[5],[6],[7],[8],[9],[10],[11], [ 4, 5 ], [ 4, 9 ], [ 4, 10 ], [ 5, 9 ], [ 5, 10 ], [ 9, 10 ],
       [ 4, 5, 9 ], [ 4, 5, 10 ], [ 4, 9, 10 ], [ 5, 9, 10 ], [ 4, 5, 9, 10 ]];
      FinalDim:=CutDim;
      N1:=[1,2,3,6,11]; 
      N2:=[7,8]; 
      Ncut:=[4,5,9,10];

#3 had only coefficient 1 in rate region obtained by One time proj. But all extreme rays are trivial to achieve
ncinstance:=[ [[[1,2,3],[1,2,3,4]],[[1,2,6],[1,2,5,6]],[[2,3],[2,3,6]],[[4,5],[4,5,7]],[[4,5,7],[4,5,7,8]],[[4,6],[4,6,11]],[[7],[7,9]],[[7,8],[7,8,10]],[[9,11],[2,3,9,11]],
[[10,11],[1,2,10,11]],[[9,10],[1,3,9,10]]],3,11];

N1:=[1,2,3,6,11]; N2:=[7,8]; N3:=[4,5,9,10];

#4
ncinstance:=[ [[[1,6],[1,4,6]],[[2,3],[2,3,5]],[[1,2,3],[1,2,3,6]],[[4],[4,7]],[[4,5,7],[4,5,7,8]],[[5,6],[5,6,11]],[[7],[7,9]],[[7,8],[7,8,10]],[[9,11],[2,3,9,11]],
[[10,11],[1,2,10,11]],[[9,10],[2,9,10]]],3,11];
N1:=[1,2,3,6,11]; N2:=[7,8]; N3:=[4,5,9,10];
Onetime Proj:=
[ [ [ 1/3, 0, 0, 0, 0, 1/3, 0, 0, 0, 0, 1/3 ], [ 0, 0, 0, 0, 0, 0, 0, 0, 0, 0, 0 ],
      [ 1/4, 0, 0, 1/4, 0, 0, 1/4, 0, 0, 1/4, 0 ], [ 0, 0, 0, 0, 0, 0, 0, 0, 0, 0, 1 ],
      [ 0, 0, 0, 0, 0, 0, 0, 0, 0, 1, 0 ], [ 1/4, 0, 0, 1/4, 0, 0, 0, 1/4, 0, 1/4, 0 ],
      [ 0, 0, 0, 0, 0, 0, 1, 0, 0, 0, 0 ], [ 0, 0, 0, 0, 0, 1, 0, 0, 0, 0, 0 ],
      [ 0, 1/5, 0, 1/10, 1/10, 1/10, 1/10, 1/10, 1/10, 1/10, 1/10 ], [ 0, 1/5, 0, 0, 1/5, 0, 0, 1/5, 0, 1/5, 1/5 ],
      [ 0, 0, 0, 0, 0, 0, 0, 0, 1, 0, 0 ], [ 0, 0, 1/3, 0, 0, 1/3, 0, 0, 0, 0, 1/3 ],
      [ 0, 0, 0, 0, 1, 0, 0, 0, 0, 0, 0 ], [ 0, 0, 0, 0, 0, 0, 0, 1, 0, 0, 0 ], [ 0, 0, 0, 1, 0, 0, 0, 0, 0, 0, 0 ],
      [ 0, 0, 1/3, 0, 1/3, 0, 0, 0, 0, 0, 1/3 ], [ 1/8, 1/8, 0, 1/8, 0, 1/8, 1/8, 0, 1/8, 1/8, 1/8 ],
      [ 0, 0, 1/5, 1/5, 0, 1/5, 1/5, 0, 1/5, 0, 0 ], [ 0, 1/6, 0, 1/6, 0, 1/6, 1/6, 0, 0, 1/6, 1/6 ],
      [ 1/9, 1/9, 0, 1/9, 1/9, 1/9, 1/9, 0, 1/9, 0, 2/9 ], [ 0, 1/6, 0, 1/6, 0, 1/6, 1/6, 0, 1/6, 1/6, 0 ],
      [ 1/12, 1/6, 0, 1/12, 1/12, 1/12, 1/12, 1/12, 1/12, 1/12, 1/6 ],
      [ 1/8, 0, 1/8, 1/8, 1/8, 1/8, 1/8, 0, 1/8, 0, 1/8 ], [ 0, 1/6, 0, 1/6, 0, 1/6, 1/6, 0, 1/6, 0, 1/6 ],
      [ 1/9, 1/9, 0, 1/9, 1/9, 1/9, 1/9, 0, 0, 1/9, 2/9 ], [ 1/9, 1/9, 0, 1/9, 1/9, 0, 1/9, 1/9, 1/9, 1/9, 1/9 ],
      [ 0, 2/11, 0, 2/11, 0, 2/11, 1/11, 1/11, 1/11, 1/11, 1/11 ],
      [ 1/13, 2/13, 0, 2/13, 0, 2/13, 2/13, 0, 1/13, 1/13, 2/13 ], [ 0, 1/6, 0, 1/6, 0, 1/6, 0, 1/6, 0, 1/6, 1/6 ],
      [ 1/13, 2/13, 0, 2/13, 0, 2/13, 1/13, 1/13, 1/13, 1/13, 2/13 ],
      [ 1/8, 1/8, 0, 1/8, 1/16, 1/8, 1/8, 0, 1/16, 1/16, 3/16 ],
      [ 0, 2/11, 0, 2/11, 0, 2/11, 2/11, 0, 1/11, 1/11, 1/11 ] ],
  [ [ 0, 0, 0, -1, 0, 0, 0, 0, 0, 0, 0, 0 ], [ 1, 1, 1, 0, -1, -1, -1, -1, 0, 0, 0, 0 ],
      [ 0, 0, 0, 0, 0, 0, 0, 0, 0, 0, -1, 0 ], [ 0, -1, 0, 0, 0, 0, 0, 0, 0, 0, 0, 0 ],
      [ 1, 1, 1, 0, 0, 0, -1, -1, 0, 0, -1, 0 ], [ 0, 1, 0, -1, 0, 0, 0, 0, 0, -1, 0, 0 ],
      [ 0, 0, 0, 0, 0, 0, 0, 0, 0, -1, 0, 0 ], [ 1, 2, 1, -1, 0, 0, 0, 0, 0, -2, -1, 0 ],
      [ 1, 0, 0, -1, 0, -1, 0, 0, 0, 0, 0, 0 ], [ 0, 0, 0, 0, 0, -1, 0, 0, 0, 0, 0, 0 ],
      [ 0, 1, 1, 0, 0, -1, 0, 0, 0, 0, -1, 0 ], [ 1, 1, 1, -1, -1, -1, 0, 0, 0, 0, 0, 0 ],
      [ 1, 1, 0, 0, 0, -1, -1, 0, 0, -1, 0, 0 ], [ 1, 2, 1, 0, 0, -1, -1, -1, 0, 0, -1, 0 ],
      [ 1, 0, 0, 0, 0, -1, 0, 0, 0, -1, 0, 0 ], [ 1, 1, 1, -1, 0, 0, 0, 0, 0, 0, -1, 0 ],
      [ 1, 3/2, 1, 0, 0, -1/2, -1/2, -1/2, 0, -1/2, -1, 0 ], [ 1, 1, 1/2, 0, 0, -1/2, -1/2, 0, 0, -1, -1/2, 0 ],
      [ 0, 1, 0, 0, 0, -1, 0, 0, 0, -1, 0, 0 ], [ 1, 2, 1, 0, 0, -1, 0, 0, 0, -2, -1, 0 ],
      [ 1, 2, 1, 0, 0, -1, -1, 0, 0, -1, -1, 0 ], [ 1, 1, 1, 0, 0, -1, 0, 0, 0, -1, -1, 0 ],
      [ 1, 3/2, 1, 0, 0, -1/2, 0, 0, -1/2, -1, -1, 0 ], [ 1, 3/2, 1, 0, 0, -1/2, -1/2, 0, 0, -1, -1, 0 ],
      [ 1, 1, 0, -1, 0, -1, 0, 0, 0, -1, 0, 0 ], [ 1, 1, 1/2, -1/2, 0, -1/2, 0, 0, 0, -1, -1/2, 0 ],
      [ 1, 2, 1, 0, 0, -1, 0, 0, -1, -1, -1, 0 ], [ 0, 0, 0, 0, 0, 0, -1, 0, 0, 0, 0, 0 ],
      [ 0, 0, 0, 0, 0, 0, 0, 0, -1, 0, 0, 0 ], [ 0, 1, 1, 0, 0, 0, -1, 0, 0, 0, -1, 0 ],
      [ 1, 3/2, 1, 0, 0, 0, -1, 0, 0, -1, -1, 0 ], [ 1, 3/2, 1, 0, 0, 0, -1, -1/2, 0, -1/2, -1, 0 ],
      [ 1, 2, 1, 0, 0, 0, -1, 0, 0, -2, -1, 0 ], [ 1, 3/2, 1, -1/2, -1/2, 0, -1/2, 0, 0, -1/2, -1, 0 ],
      [ 1, 2, 1, 0, -1, -1, -2, -1, 0, 0, 0, 0 ], [ 1, 2, 1, 0, -1, -1, -2, 0, 0, -1, 0, 0 ],
      [ 1, 2, 1, 0, 0, 0, -2, 0, 0, -1, -1, 0 ], [ 1, 2, 1, 0, 0, 0, -2, -1, 0, 0, -1, 0 ],
      [ 0, 1, 0, 0, 0, 0, -1, 0, 0, -1, 0, 0 ], [ 1, 2, 1, -1, -1, 0, -1, 0, 0, 0, -1, 0 ],
      [ 1, 2, 1, -1, -2, -1, 0, 0, -1, 0, 0, 0 ], [ 1, 2, 1, -1, -2, -1, -1, 0, 0, 0, 0, 0 ],
      [ 1, 1, 1/2, 0, 0, -1/2, -1/2, -1/2, 0, -1/2, -1/2, 0 ], [ 1, 1, 1/2, -1/2, 0, -1/2, 0, -1/2, 0, -1/2, -1/2, 0 ]
        , [ 1, 1, 1/2, 0, 0, -1/2, 0, 0, -1/2, -1, -1/2, 0 ], [ 1, 1, 0, 0, 0, -1, -1, -1, 0, 0, 0, 0 ],
      [ 1, 1, 0, -1, 0, -1, 0, -1, 0, 0, 0, 0 ], [ 1, 1, 0, 0, 0, -1, 0, 0, -1, -1, 0, 0 ],
      [ 1, 2, 1, -1, -1, -1, 0, -1, -1, 0, 0, 0 ], [ 1, 1, 1, 0, -1, -1, 0, 0, 0, -1, 0, 0 ],
      [ 1, 2, 1, 0, -1, -1, -1, -1, -1, 0, 0, 0 ], [ 1, 2, 1, 0, -1, -1, 0, 0, -2, -1, 0, 0 ],
      [ 0, 1, 1, 0, 0, 0, 0, 0, -1, 0, -1, 0 ], [ -1, 0, 0, 0, 0, 0, 0, 0, 0, 0, 0, 0 ],
      [ 1, 2, 1, -1, -1, 0, 0, 0, 0, -1, -1, 0 ], [ 1, 3/2, 1, -1/2, -1/2, 0, 0, 0, -1/2, -1/2, -1, 0 ],
      [ 1, 2, 1, -1, -1, 0, 0, 0, -1, 0, -1, 0 ], [ 0, 0, 0, 0, -1, 0, 0, 0, 0, 0, 0, 0 ],
      [ 0, 1, 0, -1, -1, 0, 0, 0, 0, 0, 0, 0 ], [ 0, 1, 1, 0, -1, -1, 0, 0, 0, 0, 0, 0 ],
      [ 1, 2, 1, -1, 0, 0, 0, -1, 0, -1, -1, 0 ], [ 1, 2, 1, -1, 0, 0, 0, -1, -1, 0, -1, 0 ],
      [ 0, 1, 0, -1, 0, 0, 0, -1, 0, 0, 0, 0 ], [ 0, 0, 0, 0, 0, 0, 0, -1, 0, 0, 0, 0 ],
      [ 1, 2, 1, 0, 0, -1, 0, -1, 0, -1, -1, 0 ], [ 0, 1, 0, 0, 0, -1, 0, -1, 0, 0, 0, 0 ],
      [ 1, 3/2, 1, -1/2, 0, 0, 0, -1/2, -1/2, -1/2, -1, 0 ], [ 1, 3/2, 1, 0, 0, 0, 0, 0, -1, -1, -1, 0 ],
      [ 1, 3/2, 1, 0, 0, 0, -1/2, -1/2, -1/2, -1/2, -1, 0 ], [ 1, 2, 1, 0, 0, 0, 0, 0, -1, -2, -1, 0 ],
      [ 1, 2, 1, 0, 0, 0, -1, -1, 0, -1, -1, 0 ], [ 1, 1, 0, 0, 0, 0, 0, 0, 0, -1, -1, 0 ],
      [ 1, 2, 1, 0, 0, 0, 0, 0, -2, -1, -1, 0 ], [ 1, 2, 1, 0, 0, 0, -1, -1, -1, 0, -1, 0 ],
      [ 0, 1, 0, 0, 0, 0, 0, 0, -1, -1, 0, 0 ], [ 0, 1, 0, 0, 0, 0, -1, -1, 0, 0, 0, 0 ],
      [ 0, 0, -1, 0, 0, 0, 0, 0, 0, 0, 0, 0 ], [ 1, 1, 1, 1, 1, 1, 1, 1, 1, 1, 1, 1 ] ],
  [ 113, [ 12, 27, 31, 41, 47, 54, 71, 79, 118, 100, 86, 85, 81, 78, 79, 90, 98, 91, 89, 80 ] ] ]

### Three time proj
# for matlab
# top
ncinstance={ { { [ 1, 6 ], [ 1, 4, 6 ] }, { [ 2, 3 ], [ 2, 3, 5 ] },...
      { [ 1, 2, 3 ], [ 1, 2, 3, 6 ] }, { [ 5, 6 ], [ 5, 6, 9 ] }, { [ 7, 9 ], [ 2, 3, 7, 9 ] },...
      { [ 8, 9 ], [ 1, 2, 8, 9 ] }, { [ 7, 8 ], [ 2, 7, 8 ] } }, 3, 9 };
listofedge={[ 1 ], [ 2 ], [ 3 ], [ 4 ], [ 5 ], [ 6 ], [ 7 ], [ 8 ], [ 9 ], [ 4, 5 ], [ 4, 7 ], [ 4, 8 ], [ 5, 7 ], [ 5, 8 ],...
  [ 7, 8 ], [ 4, 5, 7 ], [ 4, 5, 8 ], [ 4, 7, 8 ], [ 5, 7, 8 ], [ 4, 5, 7, 8 ]}      
TopConstr := [[[1],[2],[3],[1,2,3]],[[1,6],[1,4,6]],[[2,3],[2,3,5]],[[1,2,3],[1,2,3,6]], [[5,6],[5,6,11]], [[9,11],[2,3,9,11]],
[[10,11],[1,2,10,11]],[[9,10],[2,9,10]]];
 BotConstr := [ [[4],[4,7]],[[4,5,7],[4,5,7,8]], [[7],[7,9]],[[7,8],[7,8,10]] ] ;
CutConstr := [  ];
CutDim:=[[1],[2],[3],[4],[5],[6],[7],[8],[9],[10],[11], [ 4, 5 ], [ 4, 9 ], [ 4, 10 ], [ 5, 9 ], [ 5, 10 ], [ 9, 10 ],
       [ 4, 5, 9 ], [ 4, 5, 10 ], [ 4, 9, 10 ], [ 5, 9, 10 ], [ 4, 5, 9, 10 ]];
FinalDim := CutDim;
N1:=[1,2,3,6,11]; 
      N2:=[7,8]; 
      Ncut:=[4,5,9,10];


##########5 small one

ncinstance:=[[[[1,2],[1,2,4]],[[2,3,4],[2,3,4,5]],[[4],[4,6]],[[4,5],[4,5,7]],[[6,7],[6,7,8]],[[7],[7,9]],[[1,8],[1,8,2]],[[2,9],[2,3,9]],[[8,9],[1,3,8,9]]],3,9];
N1:=[1,2,3];
N2:=[6,7];
N3:=[4,5,8,9];

TopConstr := [[[1,2],[1,2,4]],[[2,3,4],[2,3,4,5]],[[1,8],[1,8,2]],[[2,9],[2,3,9]],[[8,9],[1,3,8,9]],[[1],[2],[3],[1,2,3]]];
 BotConstr := [ [[4],[4,6]],[[4,5],[4,5,7]],[[6,7],[6,7,8]],[[7],[7,9]] ] ;
CutConstr := [  ];
CutDim:=[[1],[2],[3],[4],[5],[6],[7],[8],[9], [ 4, 5 ], [ 4, 8 ], [ 4, 9 ], [ 5, 8 ], [ 5, 9 ], [ 8, 9 ], [ 4, 5, 8 ], [ 4, 5, 9 ], [ 4, 8, 9 ], [ 5, 8, 9 ],[4,5,8,9]];
FinalDim := CutDim;
N1:=[1,2,3];
N2:=[6,7];
Ncut:=[4,5,8,9];

#notice that there are equalities in projTop # [ 4, 6, 7 ]=[ 5, 6, 7 ]=[ 4, 5, 6, 7 ]=[6,7]
RelaTopDim:=[[ 1 ], [ 2 ], [ 3 ], [ 4 ], [ 5 ], [ 6 ], [ 7 ], [ 4, 5 ], [ 4, 6 ], [ 4, 7 ], [ 5, 6 ], [ 5, 7 ], [ 6, 7 ],[ 4, 5, 6 ], [ 4, 5, 7 ]];
#for matlab equality checking (top)
ncinstance={ { { [ 1, 2 ], [ 1, 2, 4 ] }, { [ 2, 3, 4 ], [ 2, 3, 4, 5 ] }, { [ 1, 6 ], [ 1, 6, 2 ] }, { [ 2, 7 ], [ 2, 3, 7 ] },{ [ 6, 7 ], [ 1, 3, 6, 7 ] } },3, 7 };
listofedge={[ 1 ], [ 2 ], [ 3 ], [ 4 ], [ 5 ], [ 6 ], [ 7 ], [ 4, 5 ], [ 4, 6 ], [ 4, 7 ], [ 5, 6 ], [ 5, 7 ], [ 6, 7 ],[ 4, 5, 6 ], [ 4, 5, 7 ]};

####### 5-1 small one

ncinstance:=[[[[1,2],[1,2,4]],[[2,3,4],[2,3,4,5]],[[4],[4,6]],[[4,5],[4,5,7]],[[6,7],[6,7,8]],[[7],[7,9]],[[1,8],[1,8,2]],[[2,9],[2,3,9]],[[8,9],[1,8,9]]],3,9];
N1:=[1,2,3];
N2:=[6,7];
N3:=[4,5,8,9];

#for matlab equality checking 
ncinstance={{{[1,2],[1,2,4]},{[2,3,4],[2,3,4,5]},{[4],[4,6]},{[4,5],[4,5,7]},{[6,7],[6,7,8]},{[7],[7,9]},{[1,8],[1,8,2]},{[2,9],[2,3,9]},{[8,9],[1,8,9]}},3,9};
listofedge={[1],[2],[3],[4],[5],[6],[7],[8],[9],[4,5],[4,8],[4,9],[5,8],[5,9],[8,9],[4,5,8],[4,5,9],[4,8,9],[5,8,9],[4,5,8,9]};

TopConstr:=[[[1,2],[1,2,4]],[[2,3,4],[2,3,4,5]],[[1,8],[1,2,8]],[[2,9],[2,3,9]],[[1],[2],[3],[1,2,3]],[[8,9],[1,8,9]]];
BotConstr:=[[[4],[4,6]],[[4,5],[4,5,7]],[[6,7],[6,7,8]],[[7],[7,9]]];
CutConstr:=[];
CutDim:=[[1],[2],[3],[4],[5],[6],[7],[8],[9],[4,5],[4,8],[4,9],[5,8],[5,9],[8,9],[4,5,8],[4,5,9],[4,8,9],[5,8,9],[4,5,8,9]];
FinalDim:=CutDim;
N1:=[1,2,3];
N2:=[6,7];
Ncut:=[4,5,8,9];
N3:=[4,5,8,9];

#notice that there are equalities in the projTop.#[ 4, 6, 7 ]=[ 5, 6, 7 ]= [ 4, 5, 6, 7 ]=[6,7]
RelaTopDim:=[ [ 1 ], [ 2 ], [ 3 ], [ 4 ], [ 5 ], [ 6 ], [ 7 ], [ 4, 5 ], [ 4, 6 ], [ 4, 7 ], [ 5, 6 ], [ 5, 7 ], [ 6, 7 ], [ 4, 5, 6 ], [ 4, 5, 7 ] ]; 
SHB:=ThreeTimeProjection(TopConstr, BotConstr, CutConstr, CutDim, FinalDim, N1, N2, Ncut);
listofedge:=SHB[3];
Combine:=SHB[1];
rlistTop:=
 [ [ 0, 0, 0, 0, 1, 0, 0, 0, 0, 0, -1, -1, 1, 0, 0, 0 ], [ 0, 0, 1, 1, 0, 0, 0, 0, 0, -1, 0, 0, 0, 0, 0, 0 ],
      [ 0, 0, 0, 0, 0, 0, 0, 1, 0, 0, 0, 0, 1, -1, -1, 0 ], [ 0, 0, 0, 0, 0, 0, 0, 0, 1, 0, 0, 0, 0, -1, 0, 0 ],
      [ -1, 0, 0, 0, 0, -1, 0, 0, 1, 0, 0, 0, 0, 0, 0, 0 ], [ 0, 0, 0, -1, -1, 0, 0, 1, 0, 0, 0, 0, 0, 0, 0, 0 ],
      [ 0, 1, 0, 0, 0, -1, 0, 0, 0, 0, 0, 0, 0, 0, 0, 0 ], [ 0, 0, 0, 0, 0, 0, 0, 0, 0, 1, 0, 0, 0, 0, -1, 0 ],
      [ 1, 1, 1, 0, 0, 0, 0, 0, 0, 0, 0, 0, -1, 0, 0, 0 ], [ 0, 0, 0, -1, 0, -1, 0, 0, 1, 0, 0, 0, 0, 0, 0, 0 ],
      [ 0, 0, 0, -1, 0, 0, -1, 0, 0, 1, 0, 0, 0, 0, 0, 0 ], [ 0, 0, 0, 0, 0, 0, 1, 0, 0, -1, 0, -1, 0, 0, 1, 0 ],
      [ 0, 0, 0, 0, 0, 1, 0, 0, -1, 0, -1, 0, 0, 1, 0, 0 ], [ 0, 0, 0, 0, 1, 0, 0, -1, 0, 0, 0, -1, 0, 0, 1, 0 ],
      [ 0, 0, 0, 0, 1, 0, 0, -1, 0, 0, -1, 0, 0, 1, 0, 0 ], [ 0, 0, 0, 0, -1, 0, -1, 0, 0, 0, 0, 1, 0, 0, 0, 0 ],
      [ 0, 0, 0, 0, 0, -1, -1, 0, 0, 0, 0, 0, 1, 0, 0, 0 ], [ 0, 0, 0, 0, -1, -1, 0, 0, 0, 0, 1, 0, 0, 0, 0, 0 ],
      [ 0, 0, 0, 1, 0, 0, 0, 0, -1, -1, 0, 0, 1, 0, 0, 0 ], [ 0, 0, 0, 1, 0, 0, 0, -1, 0, -1, 0, 0, 0, 0, 1, 0 ],
      [ 0, -1, 0, 0, 0, 0, 0, 0, 0, -1, 0, 0, 0, 0, 1, 0 ], [ -1, -1, 0, 1, 0, 0, 0, 0, 0, -1, 0, 0, 0, 0, 1, 0 ],
      [ -1, -1, -1, 0, 0, 0, 0, 1, 0, 0, 0, 0, 0, 0, 0, 0 ], [ 0, 0, -1, 0, 0, 0, 0, 0, 0, 0, 0, 0, 0, 0, 0, 0 ],
      [ 0, 0, 0, 1, 0, 0, 0, -1, -1, 0, 0, 0, 0, 1, 0, 0 ], [ -1, 0, -1, 0, 0, -1, 0, 0, 0, 0, 0, 0, 0, 1, 0, 0 ],
      [ 0, -1, -1, -1, 0, 0, 0, 1, 0, 0, 0, 0, 0, 0, 0, 0 ], [ 0, 0, 0, 0, 0, 0, 0, 0, 0, 0, 1, 0, 0, -1, 0, 0 ],
      [ 0, 0, 0, 0, 0, 0, 0, 0, 0, 0, 0, 1, 0, 0, -1, 0 ], [ 1, 1, 1, 1, 1, 1, 1, 1, 1, 1, 1, 1, 1, 1, 1, 1 ],
      [ 0, 0, 0, 0, 0, 0, 0, 0, 0, 0, 0, 0, -1, 1, 0, 0 ], [ 0, 0, 0, 0, 0, 0, 0, 0, 0, 0, 0, 0, -1, 0, 1, 0 ] ];
  ##rlistTopT adding equlities back    
  [ [ 0, 0, 0, 0, -1, 0, 0, 0, 1, 0, 0, 0, 0, 0, 0, 0, 0, 0, 0, 0, 0, -1, -1, 0, 0, -1, 0, 0, 0, 1, 0, 0 ],
  [ 0, 0, 0, 0, 0, 0, 1, 0, 1, 0, 0, 0, 0, 0, 0, 0, 0, 0, 0, 0, -1, -1, -1, 0, 0, 0, -1, 0, 0, 1, 0, 0 ],
  [ 0, 1, 0, 0, 0, 0, 0, 0, 1, 0, 0, 0, 0, 0, 0, 0, 0, 0, 0, 0, 0, 0, -1, -1, 0, -1, -1, 0, 0, 1, 0, 0 ],
  [ 0, 1, 0, 0, 0, -1, 0, 0, 0, -1, -1, 0, 0, 0, 0, 0, 0, 0, 1, 1, 0, 1, 0, 0, 1, 0, -1, 0, 0, 1, 0, 0 ],
  [ 1, 0, 0, 0, 0, -1, 0, 0, 0, 0, 0, 0, 0, 1, 1, -1, 0, -1, 0, 0, 0, 0, 0, 0, 0, 0, 0, 0, 0, 1, 0, 0 ],
  [ 0, 0, 0, 0, -1, 0, -1, 0, 0, -1, 0, 0, 1, 0, 0, 0, -1, -1, 0, 0, 0, 0, 0, 0, 0, -1, 0, 0, 0, 1, 0, 0 ],
  [ 0, 0, 0, 0, 0, 0, 0, 0, 0, 0, -1, 1, 0, 0, 0, -1, -1, 0, 0, 0, 0, 0, 0, 0, 0, 0, 0, 0, 0, 1, 0, 0 ],
  [ 0, 0, 1, 0, 0, 1, 0, 0, 0, 0, 0, 0, 0, -1, -1, 0, 0, 0, 0, -1, 0, 0, 1, 0, -1, 0, 1, 0, 0, 1, 0, 0 ],
  [ 0, 0, 0, 1, 1, 0, 0, 0, 0, 1, 0, 0, -1, 0, 0, 0, 0, 0, -1, 0, 0, 0, 0, 0, -1, 0, 0, 0, 0, 1, 0, 0 ],
  [ 0, -1, 0, 0, 0, 0, 0, 1, 0, 0, 1, -1, 0, 0, 0, 0, 0, 0, -1, -1, -1, -1, 0, 0, 0, 0, 0, 0, 0, 1, 0, 0 ],
  [ -1, 0, 0, 0, 0, 0, 0, 0, 0, 0, 0, 0, -1, 0, -1, 0, 0, 1, 0, 0, 0, 0, 0, 0, 0, 0, 0, 1, 0, 1, 0, 0 ],
  [ -1, 0, 0, 0, 0, 0, 0, 0, 0, 0, 0, -1, 0, -1, 0, 1, 0, 0, 0, 0, 0, 0, 0, 0, 0, 0, 0, 0, 1, 1, 0, 0 ],
  [ 1, 0, 1, 0, 0, 0, 0, 0, -1, 0, 0, 0, 0, 0, 0, 0, 1, 0, 1, 0, 0, 0, 0, 0, 0, 0, 0, 0, 0, 1, -1, -1 ],
  [ 0, 0, -1, -1, 0, 0, 0, 0, 0, 0, 0, 0, 1, 0, 1, 0, 0, 0, 0, 0, 0, 0, 0, 0, 1, 1, 0, -1, 0, 1, 1, 0 ],
  [ 0, 0, -1, 0, 0, 0, 0, -1, 0, 0, 0, 1, 0, 1, 0, 0, 0, 0, 0, 1, 1, 1, 0, 0, 0, 0, 0, 0, -1, 1, 0, 1 ],
  [ 0, 0, 0, 0, 0, 0, 0, 0, 0, 0, 0, 0, 0, 0, 0, 0, 0, 0, 0, 0, 0, 0, 0, 0, 0, 0, 0, 0, 0, 0, 0, 0 ],
  [ 0, 0, 0, 0, 0, 0, 0, 0, 0, 0, 0, 0, 0, 0, 0, 0, 0, 0, 0, 0, 0, 0, 0, 0, 0, 0, 0, 0, 0, 0, 0, 0 ],
  [ 0, 0, 0, 0, 0, 0, 0, 0, 0, 0, 0, 0, 0, 0, 0, 0, 0, 0, 0, 0, 0, 0, 0, 0, 0, 0, 0, 0, 0, 0, 0, 0 ],
  [ 0, 0, 0, 0, 0, 0, 0, 0, 0, 0, 0, 0, 0, 0, 0, 0, 0, 0, 0, 0, 0, 0, 0, 0, 0, 0, 0, 0, 0, 1, 0, 0 ] ];
  
 rlistTop:=
 [ [ 0, 0, 0, 0, 1, 0, 0, 0, 0, 0, -1, -1, 1, 0, 0, 0, 0, 0, 0 ],
  [ 0, 0, 1, 1, 0, 0, 0, 0, 0, -1, 0, 0, 0, 0, 0, 0, 0, 0, 0 ],
  [ 0, 0, 0, 0, 0, 0, 0, 1, 0, 0, 0, 0, 1, -1, -1, 0, 0, 0, 0 ],
  [ 0, 0, 0, 0, 0, 0, 0, 0, 1, 0, 0, 0, 0, -1, 0, 0, 0, 0, 0 ],
  [ -1, 0, 0, 0, 0, -1, 0, 0, 1, 0, 0, 0, 0, 0, 0, 0, 0, 0, 0 ],
  [ 0, 0, 0, -1, -1, 0, 0, 1, 0, 0, 0, 0, 0, 0, 0, 0, 0, 0, 0 ],
  [ 0, 1, 0, 0, 0, -1, 0, 0, 0, 0, 0, 0, 0, 0, 0, 0, 0, 0, 0 ],
  [ 0, 0, 0, 0, 0, 0, 0, 0, 0, 1, 0, 0, 0, 0, -1, 0, 0, 0, 0 ],
  [ 1, 1, 1, 0, 0, 0, 0, 0, 0, 0, 0, 0, -1, 0, 0, 0, 0, 0, 0 ],
  [ 0, 0, 0, -1, 0, -1, 0, 0, 1, 0, 0, 0, 0, 0, 0, 0, 0, 0, 0 ],
  [ 0, 0, 0, -1, 0, 0, -1, 0, 0, 1, 0, 0, 0, 0, 0, 0, 0, 0, 0 ],
  [ 0, 0, 0, 0, 0, 0, 1, 0, 0, -1, 0, -1, 0, 0, 1, 0, 0, 0, 0 ],
  [ 0, 0, 0, 0, 0, 1, 0, 0, -1, 0, -1, 0, 0, 1, 0, 0, 0, 0, 0 ],
  [ 0, 0, 0, 0, 1, 0, 0, -1, 0, 0, 0, -1, 0, 0, 1, 0, 0, 0, 0 ],
  [ 0, 0, 0, 0, 1, 0, 0, -1, 0, 0, -1, 0, 0, 1, 0, 0, 0, 0, 0 ],
  [ 0, 0, 0, 0, -1, 0, -1, 0, 0, 0, 0, 1, 0, 0, 0, 0, 0, 0, 0 ],
  [ 0, 0, 0, 0, 0, -1, -1, 0, 0, 0, 0, 0, 1, 0, 0, 0, 0, 0, 0 ],
  [ 0, 0, 0, 0, -1, -1, 0, 0, 0, 0, 1, 0, 0, 0, 0, 0, 0, 0, 0 ],
  [ 0, 0, 0, 1, 0, 0, 0, 0, -1, -1, 0, 0, 1, 0, 0, 0, 0, 0, 0 ],
  [ 0, 0, 0, 1, 0, 0, 0, -1, 0, -1, 0, 0, 0, 0, 1, 0, 0, 0, 0 ],
  [ 0, -1, 0, 0, 0, 0, 0, 0, 0, -1, 0, 0, 0, 0, 1, 0, 0, 0, 0 ],
  [ -1, -1, 0, 1, 0, 0, 0, 0, 0, -1, 0, 0, 0, 0, 1, 0, 0, 0, 0 ],
  [ -1, -1, -1, 0, 0, 0, 0, 1, 0, 0, 0, 0, 0, 0, 0, 0, 0, 0, 0 ],
  [ 0, 0, -1, 0, 0, 0, 0, 0, 0, 0, 0, 0, 0, 0, 0, 0, 0, 0, 0 ],
  [ 0, 0, 0, 1, 0, 0, 0, -1, -1, 0, 0, 0, 0, 1, 0, 0, 0, 0, 0 ],
  [ -1, 0, -1, 0, 0, -1, 0, 0, 0, 0, 0, 0, 0, 1, 0, 0, 0, 0, 0 ],
  [ 0, -1, -1, -1, 0, 0, 0, 1, 0, 0, 0, 0, 0, 0, 0, 0, 0, 0, 0 ],
  [ 0, 0, 0, 0, 0, 0, 0, 0, 0, 0, 1, 0, 0, -1, 0, 0, 0, 0, 0 ],
  [ 0, 0, 0, 0, 0, 0, 0, 0, 0, 0, 0, 1, 0, 0, -1, 0, 0, 0, 0 ],
  [ 1, 1, 1, 1, 1, 1, 1, 1, 1, 1, 1, 1, 1, 1, 1, 0, 0, 0, 1 ],
  [ 0, 0, 0, 0, 0, 0, 0, 0, 0, 0, 0, 0, -1, 1, 0, 0, 0, 0, 0 ],
  [ 0, 0, 0, 0, 0, 0, 0, 0, 0, 0, 0, 0, -1, 0, 1, 0, 0, 0, 0 ],
  [ 0, 0, 0, 0, 0, 0, 0, 0, 0, 0, 0, 0, -1, 0, 0, 0, 0, 1, 0 ], #[ 4, 5, 6, 7 ]=[6,7]
  [ 0, 0, 0, 0, 0, 0, 0, 0, 0, 0, 0, 0, -1, 0, 0, 0, 1, 0, 0 ], #[ 5, 6, 7 ]=[6,7]
  [ 0, 0, 0, 0, 0, 0, 0, 0, 0, 0, 0, 0, -1, 0, 0,-1, 0, 0, 0 ] ] #[ 4, 6, 7 ]=[6,7]

Noitce that there are equalities in the projBot. # [ 1, 2, 5, 6 ]=[ 1, 2, 6 ]=[ 1, 2, 5 ]=[ 1, 2 ]
RelaBotDim:=[[ 1 ], [ 2 ], [ 3 ], [ 4 ], [ 5 ], [ 6 ], [ 1, 2 ], [ 1, 5 ], [ 1, 6 ], [ 2, 5 ], [ 2, 6 ], [ 5, 6 ], [ 1, 5, 6 ], [ 2, 5, 6 ]];
#for matlab equality checking (bottom)
ncinstance={ { { [ 1 ], [ 1, 3 ] }, { [ 1, 2 ], [ 1, 2, 4 ] }, { [ 3, 4 ], [ 3, 4, 5 ] }, { [ 4 ], [ 4, 6 ] } }, 3, 6 };
listofedge={ , };
 [ 1, 2, 5, 6 ]=[ 1, 2, 6 ]=[ 1, 2, 5 ]=[ 1, 2 ]
rlistBot:= [ [ 0, 0, -1, -1, 0, 0, 0, 0, 0, 0, 0, 1, 0, 0, 0 ], [ 0, 0, 0, -1, 0, 1, 0, 0, -1, 0, 0, 0, 1, 0, 0 ],
      [ 0, 0, 0, 0, 0, 1, 1, 0, -1, 0, -1, 0, 0, 0, 0 ], [ 0, 0, -1, 0, 0, 0, 0, 0, 0, 0, 0, 0, 0, 0, 0 ],
      [ 0, 0, 0, 0, 0, 1, 0, 0, 0, 0, -1, -1, 0, 1, 0 ], [ 0, 1, 0, 0, 0, 0, 0, 0, 0, -1, -1, 0, 0, 1, 0 ],
      [ 0, 0, 0, 0, 1, 0, 1, -1, 0, -1, 0, 0, 0, 0, 0 ], [ 0, 0, 0, 0, 1, 0, 0, 0, 0, -1, 0, -1, 0, 1, 0 ],
      [ 0, 0, 0, 0, 0, 0, 1, 0, 0, 0, 0, 1, -1, -1, 0 ], [ 0, 0, 0, 0, 0, 0, 0, 1, 0, 0, 0, 0, -1, 0, 0 ],
      [ 0, 0, 0, 0, 0, 0, 0, 0, 1, 0, 0, 0, -1, 0, 0 ], [ 1, 0, 0, 0, 0, 0, 0, -1, -1, 0, 0, 0, 1, 0, 0 ],
      [ 0, 0, 0, 0, 0, 1, 0, 0, -1, 0, 0, -1, 1, 0, 0 ], [ 0, -1, 0, 0, -1, 0, 0, 0, 0, 1, 0, 0, 0, 0, 0 ],
      [ 0, 0, 0, 0, -1, -1, 0, 0, 0, 0, 0, 1, 0, 0, 0 ], [ -1, 0, 0, 0, -1, 0, 0, 1, 0, 0, 0, 0, 0, 0, 0 ],
      [ 0, 0, 0, 0, 1, 0, 0, -1, 0, 0, 0, -1, 1, 0, 0 ], [ 0, -1, 0, 0, 0, -1, 0, 0, 0, 0, 1, 0, 0, 0, 0 ],
      [ -1, -1, 0, 0, 0, 0, 1, 0, 0, 0, 0, 0, 0, 0, 0 ], [ -1, 0, 1, 0, 0, 0, 0, 0, 0, 0, 0, 0, 0, 0, 0 ],
      [ 0, 0, 0, 0, 0, 0, 0, 0, 0, 0, 1, 0, 0, -1, 0 ], [ 0, 0, 0, 0, 0, 0, 0, 0, 0, 1, 0, 0, 0, -1, 0 ],
      [ -1, 0, 0, 0, 0, -1, 0, 0, 1, 0, 0, 0, 0, 0, 0 ], [ 0, 0, 0, 1, 0, 0, -1, 0, 0, 0, 0, 0, 0, 0, 0 ],
      [ 0, 0, 0, 0, 0, 0, -1, 0, 0, 0, 0, 0, 0, 1, 0 ], [ 1, 1, 1, 1, 1, 1, 1, 1, 1, 1, 1, 1, 1, 1, 1 ],
      [ 0, 0, 0, 0, 0, 0, -1, 0, 0, 0, 0, 0, 1, 0, 0 ] ];
      
     ##rlistTopT adding equlities back  
  [ [ 0, 0, 0, 0, 0, 0, 0, 0, 0, 0, 0, 1, 0, 0, 0, -1, 0, 0, -1, -1, 0, 0, -1, 0, 0, 1, 0 ],
  [ 0, 0, 0, 0, 0, 1, 0, 0, 0, 0, 0, 0, 0, -1, 0, 0, 0, -1, -1, 0, 0, 0, 0, 0, 0, 1, 0 ],
  [ -1, 0, 0, -1, 0, 0, 0, 0, 0, 0, 0, 0, 0, 0, 0, 0, 0, 0, 0, 1, 0, 0, 0, 0, 0, 1, 0 ],
  [ -1, -1, 0, 0, 0, 0, 0, 0, 0, 0, 0, 0, 0, 0, 0, 0, 0, 0, 0, 0, 0, 0, 0, 1, 0, 1, 0 ],
  [ 0, 0, 0, 0, 0, 0, 1, 1, 0, 0, 0, 0, 0, -1, -1, -1, 1, 0, 0, 0, 0, 0, 0, 0, 0, 1, 0 ],
  [ 0, 1, 1, 0, 1, 0, 0, 0, 0, 0, 0, 0, 1, 0, -1, 0, 0, -1, 0, 0, 0, 0, -1, 0, 0, 1, 0 ],
  [ 0, 0, 1, 0, 0, 0, 1, 0, 1, 0, 0, 0, 0, 0, 0, 0, 0, 0, 1, 0, 0, 0, 0, -1, -1, 1, -1 ],
  [ 0, 0, 0, 0, 0, 0, -1, 0, 0, 1, 0, -1, 0, 0, 0, 1, -1, 0, 0, 0, 0, 0, 0, 0, 0, 1, 0 ],
  [ 0, -1, -1, 0, 0, 0, 0, 0, 0, 0, 1, -1, -1, 0, 0, 0, 0, 0, 0, 0, 0, 0, 1, 0, 0, 1, 0 ],
  [ 0, 0, 0, 0, 0, -1, -1, -1, 0, 0, 0, 0, 0, 1, 0, 0, 0, 0, 0, 0, 0, 1, 0, 0, 0, 1, 0 ],
  [ 0, 0, -1, 0, -1, -1, 0, 0, 0, 0, 0, 0, 0, 0, 0, 0, 0, 1, 0, 0, 1, 0, 0, 0, 0, 1, 0 ],
  [ 1, 0, 0, 0, -1, 0, 0, -1, 1, 0, 0, 0, -1, 0, 1, 0, -1, 0, 0, 0, 0, 0, 0, 0, 0, 1, 0 ],
  [ 0, 0, 0, 0, 0, 0, 0, 0, 0, 0, 0, 0, 0, 0, 0, 0, 0, 0, 0, 0, 0, 0, 0, 0, 0, 0, 0 ],
  [ 0, 0, 0, 0, 0, 0, 0, 0, 0, 0, 0, 0, 0, 0, 0, 0, 0, 0, 0, 0, 0, 0, 0, 0, 0, 0, 0 ],
  [ 0, 1, 0, 0, 0, 0, 0, 0, -1, -1, -1, 1, 1, 0, 0, 0, 1, 0, 0, 0, 0, 0, 0, 0, 0, 1, 1 ],
  [ 0, 0, 0, 0, 1, 1, 0, 1, -1, 0, 0, 0, 0, 0, 0, 0, 0, 0, 0, 0, -1, -1, 0, 0, 1, 1, 0 ],
  [ 0, 0, 0, 0, 0, 0, 0, 0, 0, 0, 0, 0, 0, 0, 0, 0, 0, 0, 0, 0, 0, 0, 0, 0, 0, 0, 0 ],
  [ 0, 0, 0, 0, 0, 0, 0, 0, 0, 0, 0, 0, 0, 0, 0, 0, 0, 0, 0, 0, 0, 0, 0, 0, 0, 1, 0 ] ];
      
rlistBot:=
[ [ 0, 0, -1, -1, 0, 0, 0, 0, 0, 0, 0, 1, 0, 0, 0, 0, 0, 0 ],
  [ 0, 0, 0, -1, 0, 1, 0, 0, -1, 0, 0, 0, 0, 0, 1, 0, 0, 0 ],
  [ 0, 0, 0, 0, 0, 1, 1, 0, -1, 0, -1, 0, 0, 0, 0, 0, 0, 0 ],
  [ 0, 0, -1, 0, 0, 0, 0, 0, 0, 0, 0, 0, 0, 0, 0, 0, 0, 0 ],
  [ 0, 0, 0, 0, 0, 1, 0, 0, 0, 0, -1, -1, 0, 0, 0, 1, 0, 0 ],
  [ 0, 1, 0, 0, 0, 0, 0, 0, 0, -1, -1, 0, 0, 0, 0, 1, 0, 0 ],
  [ 0, 0, 0, 0, 1, 0, 1, -1, 0, -1, 0, 0, 0, 0, 0, 0, 0, 0 ],
  [ 0, 0, 0, 0, 1, 0, 0, 0, 0, -1, 0, -1, 0, 0, 0, 1, 0, 0 ],
  [ 0, 0, 0, 0, 0, 0, 1, 0, 0, 0, 0, 1, 0, 0, -1, -1, 0, 0 ],
  [ 0, 0, 0, 0, 0, 0, 0, 1, 0, 0, 0, 0, 0, 0, -1, 0, 0, 0 ],
  [ 0, 0, 0, 0, 0, 0, 0, 0, 1, 0, 0, 0, 0, 0, -1, 0, 0, 0 ],
  [ 1, 0, 0, 0, 0, 0, 0, -1, -1, 0, 0, 0, 0, 0, 1, 0, 0, 0 ],
  [ 0, 0, 0, 0, 0, 1, 0, 0, -1, 0, 0, -1, 0, 0, 1, 0, 0, 0 ],
  [ 0, -1, 0, 0, -1, 0, 0, 0, 0, 1, 0, 0, 0, 0, 0, 0, 0, 0 ],
  [ 0, 0, 0, 0, -1, -1, 0, 0, 0, 0, 0, 1, 0, 0, 0, 0, 0, 0 ],
  [ -1, 0, 0, 0, -1, 0, 0, 1, 0, 0, 0, 0, 0, 0, 0, 0, 0, 0 ],
  [ 0, 0, 0, 0, 1, 0, 0, -1, 0, 0, 0, -1, 0, 0, 1, 0, 0, 0 ],
  [ 0, -1, 0, 0, 0, -1, 0, 0, 0, 0, 1, 0, 0, 0, 0, 0, 0, 0 ],
  [ -1, -1, 0, 0, 0, 0, 1, 0, 0, 0, 0, 0, 0, 0, 0, 0, 0, 0 ],
  [ -1, 0, 1, 0, 0, 0, 0, 0, 0, 0, 0, 0, 0, 0, 0, 0, 0, 0 ],
  [ 0, 0, 0, 0, 0, 0, 0, 0, 0, 0, 1, 0, 0, 0, 0, -1, 0, 0 ],
  [ 0, 0, 0, 0, 0, 0, 0, 0, 0, 1, 0, 0, 0, 0, 0, -1, 0, 0 ],
  [ -1, 0, 0, 0, 0, -1, 0, 0, 1, 0, 0, 0, 0, 0, 0, 0, 0, 0 ],
  [ 0, 0, 0, 1, 0, 0, -1, 0, 0, 0, 0, 0, 0, 0, 0, 0, 0, 0 ],
  [ 0, 0, 0, 0, 0, 0, -1, 0, 0, 0, 0, 0, 0, 0, 0, 1, 0, 0 ],
  [ 1, 1, 1, 1, 1, 1, 1, 1, 1, 1, 1, 1, 0, 0, 1, 1, 0, 1 ],
  [ 0, 0, 0, 0, 0, 0, -1, 0, 0, 0, 0, 0, 0, 0, 1, 0, 0, 0 ],
  [ 0, 0, 0, 0, 0, 0, -1, 0, 0, 0, 0, 0, 0, 0, 0, 0, 1, 0 ], # [ 1, 2, 5, 6 ]=[ 1, 2 ]
  [ 0, 0, 0, 0, 0, 0, -1, 0, 0, 0, 0, 0, 0, 1, 0, 0, 0, 0 ], # [ 1, 2, 6 ]=[ 1, 2 ]
  [ 0, 0, 0, 0, 0, 0, -1, 0, 0, 0, 0, 0, 1, 0, 0, 0, 0, 0 ]] # [ 1, 2, 5 ]=[ 1, 2 ]
  
  [ [ 0, 0, 0, 0, 1, 0, 0, 0, 0, 0, 0, 0, -1, -1, 1, 0, 0, 0, 0, 0 ],
  [ 0, 0, 1, 1, 0, 0, 0, 0, 0, 0, 0, -1, 0, 0, 0, 0, 0, 0, 0, 0 ],
  [ 0, 0, 0, 0, 0, 0, 0, 0, 0, 1, 0, 0, 0, 0, 1, -1, -1, 0, 0, 0 ],
  [ 0, 0, 0, 0, 0, 0, 0, 0, 0, 0, 1, 0, 0, 0, 0, -1, 0, 0, 0, 0 ],
  [ -1, 0, 0, 0, 0, 0, 0, -1, 0, 0, 1, 0, 0, 0, 0, 0, 0, 0, 0, 0 ],
  [ 0, 0, 0, -1, -1, 0, 0, 0, 0, 1, 0, 0, 0, 0, 0, 0, 0, 0, 0, 0 ],
  [ 0, 1, 0, 0, 0, 0, 0, -1, 0, 0, 0, 0, 0, 0, 0, 0, 0, 0, 0, 0 ],
  [ 0, 0, 0, 0, 0, 0, 0, 0, 0, 0, 0, 1, 0, 0, 0, 0, -1, 0, 0, 0 ],
  [ 1, 1, 1, 0, 0, 0, 0, 0, 0, 0, 0, 0, 0, 0, -1, 0, 0, 0, 0, 0 ],
  [ 0, 0, 0, -1, 0, 0, 0, -1, 0, 0, 1, 0, 0, 0, 0, 0, 0, 0, 0, 0 ],
  [ 0, 0, 0, -1, 0, 0, 0, 0, -1, 0, 0, 1, 0, 0, 0, 0, 0, 0, 0, 0 ],
  [ 0, 0, 0, 0, 0, 0, 0, 0, 1, 0, 0, -1, 0, -1, 0, 0, 1, 0, 0, 0 ],
  [ 0, 0, 0, 0, 0, 0, 0, 1, 0, 0, -1, 0, -1, 0, 0, 1, 0, 0, 0, 0 ],
  [ 0, 0, 0, 0, 1, 0, 0, 0, 0, -1, 0, 0, 0, -1, 0, 0, 1, 0, 0, 0 ],
  [ 0, 0, 0, 0, 1, 0, 0, 0, 0, -1, 0, 0, -1, 0, 0, 1, 0, 0, 0, 0 ],
  [ 0, 0, 0, 0, -1, 0, 0, 0, -1, 0, 0, 0, 0, 1, 0, 0, 0, 0, 0, 0 ],
  [ 0, 0, 0, 0, 0, 0, 0, -1, -1, 0, 0, 0, 0, 0, 1, 0, 0, 0, 0, 0 ],
  [ 0, 0, 0, 0, -1, 0, 0, -1, 0, 0, 0, 0, 1, 0, 0, 0, 0, 0, 0, 0 ],
  [ 0, 0, 0, 1, 0, 0, 0, 0, 0, 0, -1, -1, 0, 0, 1, 0, 0, 0, 0, 0 ],
  [ 0, 0, 0, 1, 0, 0, 0, 0, 0, -1, 0, -1, 0, 0, 0, 0, 1, 0, 0, 0 ],
  [ 0, -1, 0, 0, 0, 0, 0, 0, 0, 0, 0, -1, 0, 0, 0, 0, 1, 0, 0, 0 ],
  [ -1, -1, 0, 1, 0, 0, 0, 0, 0, 0, 0, -1, 0, 0, 0, 0, 1, 0, 0, 0 ],
  [ -1, -1, -1, 0, 0, 0, 0, 0, 0, 1, 0, 0, 0, 0, 0, 0, 0, 0, 0, 0 ],
  [ 0, 0, -1, 0, 0, 0, 0, 0, 0, 0, 0, 0, 0, 0, 0, 0, 0, 0, 0, 0 ],
  [ 0, 0, 0, 1, 0, 0, 0, 0, 0, -1, -1, 0, 0, 0, 0, 1, 0, 0, 0, 0 ],
  [ -1, 0, -1, 0, 0, 0, 0, -1, 0, 0, 0, 0, 0, 0, 0, 1, 0, 0, 0, 0 ],
  [ 0, -1, -1, -1, 0, 0, 0, 0, 0, 1, 0, 0, 0, 0, 0, 0, 0, 0, 0, 0 ],
  [ 0, 0, 0, 0, 0, 0, 0, 0, 0, 0, 0, 0, 1, 0, 0, -1, 0, 0, 0, 0 ],
  [ 0, 0, 0, 0, 0, 0, 0, 0, 0, 0, 0, 0, 0, 1, 0, 0, -1, 0, 0, 0 ],
  [ 0, 0, 0, 0, 0, 0, 0, 0, 0, 0, 0, 0, 0, 0, -1, 1, 0, 0, 0, 0 ],
  [ 0, 0, 0, 0, 0, 0, 0, 0, 0, 0, 0, 0, 0, 0, -1, 0, 1, 0, 0, 0 ],
  [ 0, 0, 0, 0, 0, -1, -1, 0, 0, 0, 0, 0, 0, 0, 1, 0, 0, 0, 0, 0 ],
  [ 0, 0, 0, 0, 0, 0, -1, 0, 1, 0, 0, -1, 0, 0, 0, 0, 0, 1, 0, 0 ],
  [ 0, 0, 0, 0, 0, 0, 0, 0, 1, 1, 0, -1, 0, -1, 0, 0, 0, 0, 0, 0 ],
  [ 0, 0, 0, 0, 0, -1, 0, 0, 0, 0, 0, 0, 0, 0, 0, 0, 0, 0, 0, 0 ],
  [ 0, 0, 0, 0, 0, 0, 0, 0, 1, 0, 0, 0, 0, -1, -1, 0, 0, 0, 1, 0 ],
  [ 0, 0, 0, 0, 1, 0, 0, 0, 0, 0, 0, 0, -1, -1, 0, 0, 0, 0, 1, 0 ],
  [ 0, 0, 0, 0, 0, 0, 0, 1, 0, 1, -1, 0, -1, 0, 0, 0, 0, 0, 0, 0 ],
  [ 0, 0, 0, 0, 0, 0, 0, 1, 0, 0, 0, 0, -1, 0, -1, 0, 0, 0, 1, 0 ],
  [ 0, 0, 0, 0, 0, 0, 0, 0, 0, 1, 0, 0, 0, 0, 1, 0, 0, -1, -1, 0 ],
  [ 0, 0, 0, 0, 0, 0, 0, 0, 0, 0, 1, 0, 0, 0, 0, 0, 0, -1, 0, 0 ],
  [ 0, 0, 0, 0, 0, 0, 0, 0, 0, 0, 0, 1, 0, 0, 0, 0, 0, -1, 0, 0 ],
  [ 0, 0, 0, 1, 0, 0, 0, 0, 0, 0, -1, -1, 0, 0, 0, 0, 0, 1, 0, 0 ],
  [ 0, 0, 0, 0, 0, 0, 0, 0, 1, 0, 0, -1, 0, 0, -1, 0, 0, 1, 0, 0 ],
  [ 0, 0, 0, 0, -1, 0, 0, -1, 0, 0, 0, 0, 1, 0, 0, 0, 0, 0, 0, 0 ],
  [ 0, 0, 0, 0, 0, 0, 0, -1, -1, 0, 0, 0, 0, 0, 1, 0, 0, 0, 0, 0 ],
  [ 0, 0, 0, -1, 0, 0, 0, -1, 0, 0, 1, 0, 0, 0, 0, 0, 0, 0, 0, 0 ],
  [ 0, 0, 0, 0, 0, 0, 0, 1, 0, 0, -1, 0, 0, 0, -1, 0, 0, 1, 0, 0 ],
  [ 0, 0, 0, 0, -1, 0, 0, 0, -1, 0, 0, 0, 0, 1, 0, 0, 0, 0, 0, 0 ],
  [ 0, 0, 0, -1, -1, 0, 0, 0, 0, 1, 0, 0, 0, 0, 0, 0, 0, 0, 0, 0 ],
  [ 0, 0, 0, -1, 0, 1, 0, 0, 0, 0, 0, 0, 0, 0, 0, 0, 0, 0, 0, 0 ],
  [ 0, 0, 0, 0, 0, 0, 0, 0, 0, 0, 0, 0, 0, 1, 0, 0, 0, 0, -1, 0 ],
  [ 0, 0, 0, 0, 0, 0, 0, 0, 0, 0, 0, 0, 1, 0, 0, 0, 0, 0, -1, 0 ],
  [ 0, 0, 0, -1, 0, 0, 0, 0, -1, 0, 0, 1, 0, 0, 0, 0, 0, 0, 0, 0 ],
  [ 0, 0, 0, 0, 0, 0, 1, 0, 0, -1, 0, 0, 0, 0, 0, 0, 0, 0, 0, 0 ],
  [ 0, 0, 0, 0, 0, 0, 0, 0, 0, -1, 0, 0, 0, 0, 0, 0, 0, 0, 1, 0 ],
  [ 0, 0, 0, 0, 0, 0, 0, 0, 0, -1, 0, 0, 0, 0, 0, 0, 0, 1, 0, 0 ],
  [ 0, 0, 0, 0, 0, 0, 0, 0, 0, -1, 0, 0, 0, 0, 0, 0, 0, 0, 0, 1 ],
  [ 0, 0, 0, 0, 0, 0, 0, 0, 0, -1, 0, 0, 0, 0, 0, 0, 1, 0, 0, 0 ],
  [ 0, 0, 0, 0, 0, 0, 0, 0, 0, -1, 0, 0, 0, 0, 0, 1, 0, 0, 0, 0 ],
  [ 0, 0, 0, 0, 0, 0, 0, 0, 0, 0, 0, 0, 0, 0, -1, 0, 0, 0, 0, 1 ],
  [ 0, 0, 0, 0, 0, 0, 0, 0, 0, 0, 0, 0, 0, 0, -1, 0, 0, 0, 1, 0 ],
  [ 0, 0, 0, 0, 0, 0, 0, 0, 0, 0, 0, 0, 0, 0, -1, 0, 0, -1, 0, 0 ]]
  
#####6  a big one
ncinstance:=[[[[1,2,3],[1,2,3,4]],[[1,3,4],[1,3,4,5]],[[3,5],[3,5,6]],[[4,5],[4,5,7]],[[5,7],[5,7,8]],
[[7],[7,9]],[[7,8],[7,8,10]],[[9,10],[1,3,9,10]],[[6,10],[2,3,6,10]],[[6,9],[1,2,6,9]]],3,10]; # coefficient 1

ncinstance:=[[[[1,2,3],[1,2,3,4]],[[1,3,4],[1,3,4,5]],[[3,5],[3,5,6]],[[4,5],[4,5,7]],[[5,7],[5,7,8]],
[[7],[7,9]],[[7,8],[7,8,10]],[[4,9,10],[1,3,4,9,10]],[[6,10],[2,3,6,10]],[[6,9],[1,2,6,9]]],3,10]; # coefficient 1

ncinstance:=[[[[1,2,3],[1,2,3,4]],[[1,3,4],[1,3,4,5]],[[3,5],[3,5,6]],[[4,5],[4,5,7]],[[5,7],[5,7,8]],
[[7],[7,9]],[[7,8],[7,8,10]],[[4,9,10],[1,2,3,4,9,10]],[[6,10],[2,3,6,10]],[[6,9],[1,2,6,9]]],3,10]; # coefficient 1

ncinstance:=[[[[1,2],[1,2,4]],[[1,3],[1,3,5]],[[3,5],[3,5,6]],[[4,5],[4,5,7]],[[5,7],[5,7,8]],
[[7],[7,9]],[[7,8],[7,8,10]],[[4,9,10],[1,3,4,9,10]],[[6,10],[2,3,6,10]],[[4,6],[1,2,4,6]]],3,10]; # coefficient 1 and 2, that's the one

N1:=[1,2,3,6];
N2:=[7,8];
N3:=[4,5,9,10];

TopConstr := [[[1,2],[1,2,4]],[[1,3],[1,3,5]],[[3,5],[3,5,6]],[[4,9,10],[1,3,4,9,10]],[[6,10],[2,3,6,10]],[[4,6],[1,2,4,6]]];
BotConstr := [ [[4,5],[4,5,7]],[[5,7],[5,7,8]],[[7],[7,9]],[[7,8],[7,8,10]]] ;
CutConstr := [  ];
CutDim:=[[1],[2],[3],[4],[5],[6],[7],[8],[9],[10],[ 4, 5 ], [ 4, 9 ], 
[ 4, 10 ], [ 5, 9 ], [ 5, 10 ], [ 9, 10 ], [ 4, 5, 9 ], [ 4, 5, 10 ], [ 4, 9, 10 ], [ 5, 9, 10 ], [4,5,9,10]];
FinalDim := CutDim;
N1:=[1,2,3,6];
N2:=[7,8];
Ncut:=[4,5,9,10];


  ## more equalities in proj
  ncinstance:=[[[[1,2],[1,2,4]],[[1,3],[1,3,5]],[[3,5],[3,5,6]],[[4,5],[4,5,7]],[[5,7],[5,7,8]],
[[7],[7,9]],[[7,8],[7,8,10]],[[9,10],[1,3,9,10]],[[6,10],[2,3,6,10]],[[4,6],[1,2,4,6]]],3,10];

#for matlab equality checking
ncinstance={ { { [ 1, 2 ], [ 1, 2, 4 ] }, { [ 1, 3 ], [ 1, 3, 5 ] }, { [ 3, 5 ], [ 3, 5, 6 ] },...
      { [  7, 8 ], [ 1, 3, 7, 8 ] }, { [ 6, 8 ], [ 2, 3, 6, 8 ] }, { [ 4, 6 ], [ 1, 2, 4, 6 ] } }, 3, 8 };
listofedge={ [ 1 ], [ 2 ], [ 3 ], [ 4 ], [ 5 ], [ 6 ], [ 7 ], [ 8 ], [ 4, 5 ], [ 4, 7 ], [ 4, 8 ], [ 5, 7 ], [ 5, 8 ], [ 7, 8 ],...
  [ 4, 5, 7 ], [ 4, 5, 8 ], [ 4, 7, 8 ], [ 5, 7, 8 ], [ 4, 5, 7, 8 ] };
#bottom
ncinstance={ { { [ 1, 2 ], [ 1, 2, 3 ] }, { [ 2, 3 ], [ 2, 3, 4 ] }, { [ 3 ], [ 3, 5 ] }, { [ 3, 4 ], [ 3, 4, 6 ] } },3, 6 };
listofedge={[ 1 ], [ 2 ], [ 3 ], [ 4 ], [ 5 ], [ 6 ], [ 1, 2 ], [ 1, 5 ], [ 1, 6 ], [ 2, 5 ], [ 2, 6 ], [ 5, 6 ], [ 1, 2, 5 ], [ 1, 2, 6 ],...
  [ 1, 5, 6 ], [ 2, 5, 6 ], [ 1, 2, 5, 6 ]};


N1:=[1,2,3,6];
N2:=[7,8];
N3:=[4,5,9,10];

TopConstr := [[[1],[2],[3],[1,2,3]],[[1,2],[1,2,4]],[[1,3],[1,3,5]],[[3,5],[3,5,6]],[[9,10],[1,3,9,10]],[[6,10],[2,3,6,10]],[[4,6],[1,2,4,6]]];
BotConstr := [ [[4,5],[4,5,7]],[[5,7],[5,7,8]],[[7],[7,9]],[[7,8],[7,8,10]]] ;
CutConstr := [  ];
CutDim:=[[1],[2],[3],[4],[5],[6],[7],[8],[9],[10],[ 4, 5 ], [ 4, 9 ], 
[ 4, 10 ], [ 5, 9 ], [ 5, 10 ], [ 9, 10 ], [ 4, 5, 9 ], [ 4, 5, 10 ], [ 4, 9, 10 ], [ 5, 9, 10 ], [4,5,9,10]];
FinalDim := CutDim;
N1:=[1,2,3,6];
N2:=[7,8];
Ncut:=[4,5,9,10];
  
RelaTopDim:=[ [ 1 ], [ 2 ], [ 3 ], [ 4 ], [ 5 ], [ 6 ], [ 7 ], [ 8 ], [ 4, 5 ], [ 4, 7 ], [ 4, 8 ], [ 5, 7 ], [ 5, 8 ], [ 7, 8 ],
  [ 4, 5, 7 ], [ 4, 5, 8 ] ];  #[ 7, 8 ]=[ 4, 7, 8 ]= [ 5, 7, 8 ]= [ 4, 5, 7, 8 ]
  
  RelaBotDim:=[ [ 1 ], [ 2 ], [ 3 ], [ 4 ], [ 5 ], [ 6 ], [ 1, 2 ], [ 1, 5 ], [ 1, 6 ], [ 2, 5 ], [ 2, 6 ], [ 5, 6 ], 
  [ 1, 5, 6 ], [ 2, 5, 6 ]]; #  [ 1, 2 ]=[ 1, 2, 5 ]=[ 1, 2, 6 ]=[ 1, 2, 5, 6 ]

#16293 secs to finish

          
         
          
          rlistBot:=
          [ [ [ 1/5, 0, 0, 0, 0, 0, 1/5, 1/5, 1/5, 0, 0, 0, 1/5, 0 ], [ 0, 0, 0, 0, 0, 0, 0, 0, 0, 0, 0, 0, 0, 0 ],
      [ 0, 1/10, 1/10, 0, 1/10, 0, 1/10, 1/10, 0, 1/10, 1/10, 1/10, 1/10, 1/10 ], [ 0, 1/5, 0, 0, 0, 0, 1/5, 0, 0, 1/5, 1/5, 0, 0, 1/5 ],
      [ 1/10, 0, 1/10, 0, 1/10, 0, 1/10, 1/10, 1/10, 1/10, 0, 1/10, 1/10, 1/10 ],
      [ 1/10, 0, 1/10, 0, 0, 1/10, 1/10, 1/10, 1/10, 0, 1/10, 1/10, 1/10, 1/10 ],
      [ 1/17, 1/17, 1/17, 0, 1/17, 0, 2/17, 2/17, 1/17, 2/17, 1/17, 1/17, 2/17, 2/17 ],
      [ 0, 1/10, 1/10, 0, 0, 1/10, 1/10, 0, 1/10, 1/10, 1/10, 1/10, 1/10, 1/10 ],
      [ 0, 1/12, 1/12, 0, 1/12, 1/12, 1/12, 1/12, 1/12, 1/12, 1/12, 1/12, 1/12, 1/12 ],
      [ 1/9, 1/9, 0, 0, 0, 0, 1/9, 1/9, 1/9, 1/9, 1/9, 0, 1/9, 1/9 ], [ 1/12, 1/24, 1/24, 1/24, 1/24, 1/12, 1/12, 1/12, 1/12, 1/12, 1/12,
          1/12, 1/12, 1/12 ], [ 1/17, 1/17, 1/17, 0, 0, 1/17, 2/17, 1/17, 2/17, 1/17, 2/17, 1/17, 2/17, 2/17 ],
      [ 1/12, 0, 1/12, 0, 1/12, 1/12, 1/12, 1/12, 1/12, 1/12, 1/12, 1/12, 1/12, 1/12 ],
      [ 0, 1/6, 0, 1/6, 0, 0, 1/6, 0, 0, 1/6, 1/6, 0, 0, 1/6 ], [ 1/13, 1/13, 1/13, 0, 1/13, 1/13, 1/13, 1/13, 1/13, 1/13, 1/13, 1/13,
          1/13, 1/13 ], [ 1/7, 0, 1/7, 1/7, 0, 0, 1/7, 1/7, 1/7, 0, 0, 0, 1/7, 0 ],
      [ 0, 1/10, 0, 1/10, 0, 1/10, 1/10, 0, 1/10, 1/10, 1/10, 1/10, 1/10, 1/10 ], [ 0, 1/6, 1/6, 0, 0, 0, 1/6, 0, 0, 1/6, 1/6, 0, 0, 1/6 ],
      [ 1/19, 1/19, 1/19, 2/19, 0, 1/19, 2/19, 1/19, 2/19, 1/19, 2/19, 1/19, 2/19, 2/19 ],
      [ 1/12, 1/12, 1/12, 0, 0, 1/12, 1/12, 1/12, 1/12, 1/12, 1/12, 1/12, 1/12, 1/12 ],
      [ 1/19, 1/19, 3/38, 0, 1/19, 1/19, 2/19, 3/38, 3/38, 3/38, 3/38, 3/38, 2/19, 2/19 ],
      [ 1/19, 1/19, 1/19, 2/19, 1/19, 0, 2/19, 2/19, 1/19, 2/19, 1/19, 1/19, 2/19, 2/19 ],
      [ 1/12, 1/12, 1/12, 0, 1/12, 0, 1/12, 1/12, 1/12, 1/12, 1/12, 1/12, 1/12, 1/12 ],
      [ 1/21, 1/21, 1/14, 2/21, 1/21, 1/21, 2/21, 1/14, 1/14, 1/14, 1/14, 1/14, 2/21, 2/21 ],
      [ 1/6, 0, 1/6, 0, 0, 0, 1/6, 1/6, 1/6, 0, 0, 0, 1/6, 0 ], [ 1/12, 1/12, 0, 1/12, 0, 1/12, 1/12, 1/12, 1/12, 1/12, 1/12, 1/12, 1/12,
          1/12 ], [ 1/10, 1/10, 1/10, 0, 0, 0, 1/10, 1/10, 1/10, 1/10, 1/10, 0, 1/10, 1/10 ],
      [ 1/10, 1/10, 0, 1/10, 0, 0, 1/10, 1/10, 1/10, 1/10, 1/10, 0, 1/10, 1/10 ],
      [ 0, 1/11, 1/11, 1/11, 1/11, 0, 1/11, 1/11, 0, 1/11, 1/11, 1/11, 1/11, 1/11 ],
      [ 1/11, 0, 1/11, 1/11, 1/11, 0, 1/11, 1/11, 1/11, 1/11, 0, 1/11, 1/11, 1/11 ],
      [ 1/18, 1/18, 1/9, 0, 1/18, 0, 1/9, 1/9, 1/18, 1/9, 1/18, 1/18, 1/9, 1/9 ],
      [ 1/11, 0, 1/11, 1/11, 0, 1/11, 1/11, 1/11, 1/11, 0, 1/11, 1/11, 1/11, 1/11 ],
      [ 0, 1/7, 1/7, 1/7, 0, 0, 1/7, 0, 0, 1/7, 1/7, 0, 0, 1/7 ], [ 0, 1/13, 1/13, 1/13, 1/13, 1/13, 1/13, 1/13, 1/13, 1/13, 1/13, 1/13,
          1/13, 1/13 ], [ 1/18, 1/18, 1/9, 0, 0, 1/18, 1/9, 1/18, 1/9, 1/18, 1/9, 1/18, 1/9, 1/9 ],
      [ 1/13, 0, 1/13, 1/13, 1/13, 1/13, 1/13, 1/13, 1/13, 1/13, 1/13, 1/13, 1/13, 1/13 ],
      [ 1/22, 1/22, 1/22, 1/22, 1/22, 1/22, 1/11, 1/11, 1/11, 1/11, 1/11, 1/11, 1/11, 1/11 ],
      [ 2/39, 2/39, 4/39, 0, 2/39, 2/39, 4/39, 1/13, 1/13, 1/13, 1/13, 1/13, 4/39, 4/39 ],
      [ 1/14, 1/14, 1/14, 1/14, 1/14, 1/14, 1/14, 1/14, 1/14, 1/14, 1/14, 1/14, 1/14, 1/14 ],
      [ 1/20, 1/20, 1/10, 1/10, 0, 1/20, 1/10, 1/20, 1/10, 1/20, 1/10, 1/20, 1/10, 1/10 ],
      [ 1/22, 1/22, 1/11, 0, 1/22, 1/22, 1/11, 1/11, 1/11, 1/11, 1/11, 1/11, 1/11, 1/11 ],
      [ 1/23, 1/23, 1/23, 2/23, 1/23, 1/23, 2/23, 2/23, 2/23, 2/23, 2/23, 2/23, 2/23, 2/23 ],
      [ 1/20, 1/20, 1/10, 1/10, 1/20, 0, 1/10, 1/10, 1/20, 1/10, 1/20, 1/20, 1/10, 1/10 ],
      [ 1/21, 1/21, 2/21, 0, 1/21, 1/21, 2/21, 1/21, 2/21, 2/21, 2/21, 2/21, 2/21, 2/21 ],
      [ 1/13, 1/13, 1/13, 1/13, 1/13, 0, 1/13, 1/13, 1/13, 1/13, 1/13, 1/13, 1/13, 1/13 ],
      [ 1/21, 1/21, 2/21, 0, 1/21, 1/21, 2/21, 2/21, 2/21, 2/21, 1/21, 2/21, 2/21, 2/21 ],
      [ 1/20, 1/20, 1/20, 0, 1/20, 1/20, 1/10, 1/10, 1/10, 1/10, 1/10, 1/20, 1/10, 1/10 ],
      [ 0, 1/11, 1/11, 1/11, 0, 1/11, 1/11, 0, 1/11, 1/11, 1/11, 1/11, 1/11, 1/11 ],
      [ 1/22, 1/22, 1/22, 1/11, 1/22, 1/22, 1/11, 1/22, 1/11, 1/11, 1/11, 1/11, 1/11, 1/11 ],
      [ 1/22, 1/22, 1/22, 1/11, 1/22, 1/22, 1/11, 1/11, 1/22, 1/11, 1/11, 1/11, 1/11, 1/11 ],
      [ 1/22, 1/22, 1/22, 1/11, 1/22, 1/22, 1/11, 1/11, 1/11, 1/11, 1/22, 1/11, 1/11, 1/11 ],
      [ 1/22, 1/22, 1/22, 1/11, 1/22, 1/22, 1/11, 1/11, 1/11, 1/11, 1/11, 1/22, 1/11, 1/11 ],
      [ 1/11, 1/11, 1/11, 1/11, 0, 0, 1/11, 1/11, 1/11, 1/11, 1/11, 0, 1/11, 1/11 ],
      [ 2/43, 2/43, 4/43, 4/43, 2/43, 2/43, 4/43, 3/43, 3/43, 3/43, 3/43, 3/43, 4/43, 4/43 ],
      [ 1/23, 1/23, 2/23, 2/23, 1/23, 1/23, 2/23, 1/23, 2/23, 2/23, 2/23, 2/23, 2/23, 2/23 ],
      [ 1/21, 1/21, 1/14, 1/42, 1/21, 1/21, 2/21, 1/14, 2/21, 1/14, 2/21, 2/21, 2/21, 2/21 ],
      [ 1/21, 1/21, 1/21, 1/21, 1/21, 1/21, 2/21, 2/21, 1/21, 2/21, 2/21, 2/21, 2/21, 2/21 ],
      [ 1/21, 1/21, 1/21, 1/21, 1/21, 1/21, 2/21, 2/21, 2/21, 2/21, 1/21, 2/21, 2/21, 2/21 ],
      [ 1/25, 1/25, 2/25, 2/25, 1/25, 2/25, 2/25, 2/25, 2/25, 2/25, 2/25, 2/25, 2/25, 2/25 ],
      [ 1/21, 1/21, 2/21, 0, 1/21, 1/21, 2/21, 2/21, 2/21, 1/21, 2/21, 2/21, 2/21, 2/21 ],
      [ 1/21, 1/21, 1/21, 1/21, 1/21, 1/21, 2/21, 1/21, 2/21, 2/21, 2/21, 2/21, 2/21, 2/21 ],
      [ 1/21, 1/21, 2/21, 0, 1/21, 1/21, 2/21, 2/21, 1/21, 2/21, 2/21, 2/21, 2/21, 2/21 ],
      [ 1/21, 1/21, 2/21, 0, 1/21, 1/21, 2/21, 2/21, 2/21, 2/21, 2/21, 1/21, 2/21, 2/21 ],
      [ 1/24, 1/24, 1/24, 1/12, 1/24, 1/12, 1/12, 1/12, 1/12, 1/12, 1/12, 1/12, 1/12, 1/12 ],
      [ 2/25, 1/25, 2/25, 2/25, 1/25, 1/25, 2/25, 2/25, 2/25, 2/25, 2/25, 2/25, 2/25, 2/25 ],
      [ 1/23, 1/23, 2/23, 2/23, 1/23, 1/23, 2/23, 2/23, 2/23, 1/23, 2/23, 2/23, 2/23, 2/23 ],
      [ 1/32, 1/16, 3/32, 3/32, 1/32, 1/32, 3/32, 1/16, 1/16, 3/32, 3/32, 1/16, 3/32, 3/32 ],
      [ 1/23, 1/23, 2/23, 0, 1/23, 2/23, 2/23, 2/23, 2/23, 2/23, 2/23, 2/23, 2/23, 2/23 ],
      [ 2/23, 1/23, 2/23, 0, 1/23, 1/23, 2/23, 2/23, 2/23, 2/23, 2/23, 2/23, 2/23, 2/23 ],
      [ 1/12, 1/24, 1/24, 1/12, 1/24, 1/24, 1/12, 1/12, 1/12, 1/12, 1/12, 1/12, 1/12, 1/12 ],
      [ 1/13, 1/13, 1/13, 1/13, 0, 1/13, 1/13, 1/13, 1/13, 1/13, 1/13, 1/13, 1/13, 1/13 ],
      [ 1/14, 1/28, 1/14, 0, 1/28, 1/28, 3/28, 3/28, 3/28, 1/14, 1/14, 1/14, 3/28, 3/28 ],
      [ 1/23, 1/23, 2/23, 0, 2/23, 1/23, 2/23, 2/23, 2/23, 2/23, 2/23, 2/23, 2/23, 2/23 ],
      [ 1/16, 1/32, 3/32, 3/32, 1/32, 1/32, 3/32, 3/32, 3/32, 1/16, 1/16, 1/16, 3/32, 3/32 ],
      [ 1/28, 1/14, 1/14, 0, 1/28, 1/28, 3/28, 1/14, 1/14, 3/28, 3/28, 1/14, 3/28, 3/28 ],
      [ 1/30, 1/15, 1/30, 1/10, 1/30, 1/30, 1/10, 1/15, 1/15, 1/10, 1/10, 1/15, 1/10, 1/10 ],
      [ 1/23, 1/23, 1/23, 1/23, 1/23, 2/23, 2/23, 2/23, 2/23, 2/23, 2/23, 2/23, 2/23, 2/23 ],
      [ 2/23, 1/23, 1/23, 1/23, 1/23, 1/23, 2/23, 2/23, 2/23, 2/23, 2/23, 2/23, 2/23, 2/23 ],
      [ 1/23, 2/23, 1/23, 1/23, 1/23, 1/23, 2/23, 2/23, 2/23, 2/23, 2/23, 2/23, 2/23, 2/23 ],
      [ 1/23, 1/23, 2/23, 2/23, 1/23, 1/23, 2/23, 2/23, 1/23, 2/23, 2/23, 2/23, 2/23, 2/23 ],
      [ 1/25, 1/25, 2/25, 2/25, 2/25, 1/25, 2/25, 2/25, 2/25, 2/25, 2/25, 2/25, 2/25, 2/25 ],
      [ 2/31, 1/31, 2/31, 3/31, 1/31, 1/31, 3/31, 3/31, 3/31, 2/31, 2/31, 2/31, 3/31, 3/31 ],
      [ 2/29, 1/29, 3/29, 0, 1/29, 1/29, 3/29, 3/29, 3/29, 2/29, 2/29, 2/29, 3/29, 3/29 ],
      [ 1/29, 2/29, 3/29, 0, 1/29, 1/29, 3/29, 2/29, 2/29, 3/29, 3/29, 2/29, 3/29, 3/29 ],
      [ 1/28, 1/14, 1/28, 1/28, 1/28, 1/28, 3/28, 1/14, 1/14, 3/28, 3/28, 1/14, 3/28, 3/28 ],
      [ 1/25, 2/25, 2/25, 2/25, 1/25, 1/25, 2/25, 2/25, 2/25, 2/25, 2/25, 2/25, 2/25, 2/25 ],
      [ 1/23, 2/23, 2/23, 0, 1/23, 1/23, 2/23, 2/23, 2/23, 2/23, 2/23, 2/23, 2/23, 2/23 ],
      [ 1/23, 1/23, 2/23, 2/23, 1/23, 1/23, 2/23, 2/23, 2/23, 2/23, 2/23, 1/23, 2/23, 2/23 ],
      [ 1/24, 1/12, 1/24, 1/12, 1/24, 1/24, 1/12, 1/12, 1/12, 1/12, 1/12, 1/12, 1/12, 1/12 ],
      [ 1/23, 1/23, 2/23, 2/23, 1/23, 1/23, 2/23, 2/23, 2/23, 2/23, 1/23, 2/23, 2/23, 2/23 ],
      [ 1/24, 1/24, 1/12, 1/12, 1/24, 1/24, 1/12, 1/12, 1/12, 1/12, 1/12, 1/12, 1/12, 1/12 ] ],
  [ [ 0, 0, 0, 0, 1, 0, 1, -1, 0, -1, 0, 0, 0, 0, 0 ], [ 1, 0, 0, 0, 0, 0, 0, -1, -1, 0, 0, 0, 1, 0, 0 ],
      [ 0, 0, 0, -1, 0, 0, 0, 0, 0, 0, 0, 0, 0, 0, 0 ], [ 0, 0, -1, -1, 0, 0, 0, 0, 0, 0, 0, 1, 0, 0, 0 ],
      [ 0, 0, 0, 0, 1, 0, 0, 0, 0, -1, 0, -1, 0, 1, 0 ], [ 0, 0, 0, 0, 0, 1, 0, 0, -1, 0, 0, -1, 1, 0, 0 ],
      [ 0, 0, 0, 0, 1, 0, 0, -1, 0, 0, 0, -1, 1, 0, 0 ], [ 0, 0, -1, 1, 1, 0, 0, 0, 0, -1, 0, 0, 0, 0, 0 ],
      [ 0, 0, -1, 0, 1, 0, 0, 0, 0, -1, 0, 0, 0, 1, 0 ], [ 0, 0, 0, 0, 0, 1, 1, 0, -1, 0, -1, 0, 0, 0, 0 ],
      [ 0, 0, 0, 0, 0, 1, 0, 0, 0, 0, -1, -1, 0, 1, 0 ], [ 0, 1, 0, 0, 0, 0, 0, 0, 0, -1, -1, 0, 0, 1, 0 ],
      [ 0, -1, 0, 0, 0, -1, 0, 0, 0, 0, 1, 0, 0, 0, 0 ], [ 0, 0, 0, 0, 0, 0, 0, 0, 0, 0, 1, 0, 0, -1, 0 ],
      [ 0, -1, 0, 0, -1, 0, 0, 0, 0, 1, 0, 0, 0, 0, 0 ], [ -1, -1, 0, 0, 0, 0, 1, 0, 0, 0, 0, 0, 0, 0, 0 ],
      [ 0, 0, 1, 0, 0, 0, -1, 0, 0, 0, 0, 0, 0, 0, 0 ], [ 0, 0, 0, 0, 0, 0, 1, 0, 0, 0, 0, 1, -1, -1, 0 ],
      [ 0, 0, 0, 0, -1, -1, 0, 0, 0, 0, 0, 1, 0, 0, 0 ], [ 0, 0, 0, 1, 0, 0, -1, 0, 0, 0, 0, 0, 0, 0, 0 ],
      [ 0, 0, 0, 0, 0, 0, 0, 0, 1, 0, 0, 0, -1, 0, 0 ], [ 0, 0, 0, 0, 0, 0, 0, 1, 0, 0, 0, 0, -1, 0, 0 ],
      [ 0, 0, 0, 0, 0, 0, 0, 0, 0, 1, 0, 0, 0, -1, 0 ], [ -1, 0, 0, 0, -1, 0, 0, 1, 0, 0, 0, 0, 0, 0, 0 ],
      [ -1, 0, 0, 0, 0, -1, 0, 0, 1, 0, 0, 0, 0, 0, 0 ], [ 0, 0, 0, 0, 0, 0, -1, 0, 0, 0, 0, 0, 1, 0, 0 ],
      [ 0, 0, 0, 0, 0, 0, -1, 0, 0, 0, 0, 0, 0, 1, 0 ], [ 1, 1, 1, 1, 1, 1, 1, 1, 1, 1, 1, 1, 1, 1, 1 ] ],
  [ 125, [ 15, 30, 24, 24, 32, 28, 29, 31, 39, 47, 46, 42, 63, 67, 56, 43, 44, 36, 40, 40, 42, 42, 60, 59, 49, 53, 51, 65, 61, 87, 79, 109,
          149, 121, 123, 158, 143, 108, 92, 91, 83, 98, 93, 89, 106, 100, 95, 85, 81, 77, 82, 87, 87, 85, 83, 82, 64, 70, 72, 67, 67, 63,
          61, 60, 64, 60, 55, 51, 49, 47, 45, 49, 47, 38, 37, 33 ] ] ];
          
          Abot:=
  [ [ 0, 0, 0, 0, 1, 0, 1, -1, 0, -1, 0, 0, 0, 0, 0, 0, 0, 0 ],
  [ 1, 0, 0, 0, 0, 0, 0, -1, -1, 0, 0, 0, 0, 0, 1, 0, 0, 0 ],
  [ 0, 0, 0, -1, 0, 0, 0, 0, 0, 0, 0, 0, 0, 0, 0, 0, 0, 0 ],
  [ 0, 0, -1, -1, 0, 0, 0, 0, 0, 0, 0, 1, 0, 0, 0, 0, 0, 0 ],
  [ 0, 0, 0, 0, 1, 0, 0, 0, 0, -1, 0, -1, 0, 0, 0, 1, 0, 0 ],
  [ 0, 0, 0, 0, 0, 1, 0, 0, -1, 0, 0, -1, 0, 0, 1, 0, 0, 0 ],
  [ 0, 0, 0, 0, 1, 0, 0, -1, 0, 0, 0, -1, 0, 0, 1, 0, 0, 0 ],
  [ 0, 0, -1, 1, 1, 0, 0, 0, 0, -1, 0, 0, 0, 0, 0, 0, 0, 0 ],
  [ 0, 0, -1, 0, 1, 0, 0, 0, 0, -1, 0, 0, 0, 0, 0, 1, 0, 0 ],
  [ 0, 0, 0, 0, 0, 1, 1, 0, -1, 0, -1, 0, 0, 0, 0, 0, 0, 0 ],
  [ 0, 0, 0, 0, 0, 1, 0, 0, 0, 0, -1, -1, 0, 0, 0, 1, 0, 0 ],
  [ 0, 1, 0, 0, 0, 0, 0, 0, 0, -1, -1, 0, 0, 0, 0, 1, 0, 0 ],
  [ 0, -1, 0, 0, 0, -1, 0, 0, 0, 0, 1, 0, 0, 0, 0, 0, 0, 0 ],
  [ 0, 0, 0, 0, 0, 0, 0, 0, 0, 0, 1, 0, 0, 0, 0, -1, 0, 0 ],
  [ 0, -1, 0, 0, -1, 0, 0, 0, 0, 1, 0, 0, 0, 0, 0, 0, 0, 0 ],
  [ -1, -1, 0, 0, 0, 0, 1, 0, 0, 0, 0, 0, 0, 0, 0, 0, 0, 0 ],
  [ 0, 0, 1, 0, 0, 0, -1, 0, 0, 0, 0, 0, 0, 0, 0, 0, 0, 0 ],
  [ 0, 0, 0, 0, 0, 0, 1, 0, 0, 0, 0, 1, 0, 0, -1, -1, 0, 0 ],
  [ 0, 0, 0, 0, -1, -1, 0, 0, 0, 0, 0, 1, 0, 0, 0, 0, 0, 0 ],
  [ 0, 0, 0, 1, 0, 0, -1, 0, 0, 0, 0, 0, 0, 0, 0, 0, 0, 0 ],
  [ 0, 0, 0, 0, 0, 0, 0, 0, 1, 0, 0, 0, 0, 0, -1, 0, 0, 0 ],
  [ 0, 0, 0, 0, 0, 0, 0, 1, 0, 0, 0, 0, 0, 0, -1, 0, 0, 0 ],
  [ 0, 0, 0, 0, 0, 0, 0, 0, 0, 1, 0, 0, 0, 0, 0, -1, 0, 0 ],
  [ -1, 0, 0, 0, -1, 0, 0, 1, 0, 0, 0, 0, 0, 0, 0, 0, 0, 0 ],
  [ -1, 0, 0, 0, 0, -1, 0, 0, 1, 0, 0, 0, 0, 0, 0, 0, 0, 0 ],
  [ 0, 0, 0, 0, 0, 0, -1, 0, 0, 0, 0, 0, 0, 0, 1, 0, 0, 0 ],
  [ 0, 0, 0, 0, 0, 0, -1, 0, 0, 0, 0, 0, 0, 0, 0, 1, 0, 0 ],
  [ 0, 0, 0, 0, 0, 0, 1, 0, 0, 0, 0, 0, 0, 0, 0, 0, -1, 0 ],
  [ 0, 0, 0, 0, 0, 0, -1, 0, 0, 0, 0, 0, 0, 0, 0, 0, 1, 0 ],
  [ 0, 0, 0, 0, 0, 0, 1, 0, 0, 0, 0, 0, 0, -1, 0, 0, 0, 0 ],
  [ 0, 0, 0, 0, 0, 0, -1, 0, 0, 0, 0, 0, 0, 1, 0, 0, 0, 0 ],
  [ 0, 0, 0, 0, 0, 0, 1, 0, 0, 0, 0, 0, -1, 0, 0, 0, 0, 0 ],
  [ 0, 0, 0, 0, 0, 0, -1, 0, 0, 0, 0, 0, 1, 0, 0, 0, 0, 0 ],
  [ 1, 1, 1, 1, 1, 1, 1, 1, 1, 1, 1, 1, 0, 0, 1, 1, 0, 1 ] ]
